============================================================
Model 000 
TP:25490, TN:58074,  FP:8395,  FN:6922
accuracy:0.845097
precision:0.752250
recall:0.786437
f_measure:0.768964
sensitivity:0.786437
specificity:0.873701
error_rate:0.154903
apcer:0.126299
bpcer:0.213563
acer:0.169931
eer:0.163741
hter:0.163271
TPR@FPR=10E-3:0.224135
TPR@FPR=5E-3:0.132724
TPR@FPR=10E-4:0.030210

