============================================================
Model 000 
TP:28518, TN:62191,  FP:4278,  FN:3894
accuracy:0.917355
precision:0.869557
recall:0.879859
f_measure:0.874678
sensitivity:0.879859
specificity:0.935639
error_rate:0.082645
apcer:0.064361
bpcer:0.120141
acer:0.092251
eer:0.091368
hter:0.090609
TPR@FPR=10E-3:0.555507
TPR@FPR=5E-3:0.426770
TPR@FPR=10E-4:0.163369

